401
011080011070011210011
011080011070011210011
011160011100051060011
011160011090011110011
011080011160011120011
011080011150011130011
011080131020011100021020011
011150011180011030011
031130011130061030011
011100021030011010011140011050011
011100011040011010011140011050011
011100011020031010061090011030031
011100011110011050051050011
011080031210011050011
011100131090011050011
011380011
011270061050011
011270011100011
061220011100011
061070121030011020021030041
061070011100011030011020021060011
061070011100011030011100011
061110041180011
061110041180011
401
